http://tieba.baidu.com/f?kw=%E7%A7%A6%E5%B2%AD%E4%B8%AD%E5%AD%A6
http://tieba.baidu.com/f?kw=%E5%92%B8%E9%98%B3%E4%B8%AD%E5%AD%A6
http://tieba.baidu.com/f?kw=%E6%A6%86%E6%9E%97%E5%B8%82%E7%AC%AC%E4%B8%80%E4%B8%AD%E5%AD%A6
http://tieba.baidu.com/f?kw=%E5%92%B8%E9%98%B3%E5%AE%9E%E9%AA%8C%E4%B8%AD%E5%AD%A6
http://tieba.baidu.com/f?kw=%E5%BD%A9%E8%89%B2%E9%9D%92%E6%98%A5
http://tieba.baidu.com/f?kw=%E5%88%80%E8%BF%B7%E6%9D%82%E5%BF%97
http://tieba.baidu.com/f?kw=%E8%90%A7%E7%99%BD
http://tieba.baidu.com/f?kw=%E4%B8%AD%E5%9B%BD%E8%AF%97%E4%B9%A1%E8%AF%97%E5%88%8A
http://tieba.baidu.com/f?kw=%E6%A2%B5%E5%B7%A5%E4%BD%9C%E5%AE%A4
http://tieba.baidu.com/f?kw=%E6%84%8F%E6%9E%97%E5%8D%81%E4%BA%8C%E5%8A%A0
http://tieba.baidu.com/f?kw=%E4%B8%AD%E5%AD%A6%E7%94%9F%E5%8D%9A%E8%A7%88b%E7%89%88
http://tieba.baidu.com/f?kw=%E6%81%8B%E5%85%AE%E6%9D%82%E5%BF%97
http://tieba.baidu.com/f?kw=%E5%BE%AE%E9%BB%8E
http://tieba.baidu.com/f?kw=%E8%8A%B1%E7%81%ABb%E7%89%88
http://tieba.baidu.com/f?kw=%E6%9D%8E%E6%B4%81%E6%80%A1
http://tieba.baidu.com/f?kw=%E6%B5%85%E8%8D%89%E5%8D%8A%E5%A4%8F
http://tieba.baidu.com/f?kw=%E4%BA%91%E5%8D%97%E5%B8%88%E5%A4%A7%E5%95%86%E5%AD%A6%E9%99%A2
http://tieba.baidu.com/f?kw=%E5%BE%AE%E8%BE%9E%E6%96%87%E5%AD%A6%E7%A4%BE
http://tieba.baidu.com/f?kw=%E4%B8%9C%E7%AB%8B%E5%87%BA%E7%89%88%E7%A4%BE
http://tieba.baidu.com/f?kw=%E7%A7%91%E5%AD%A6fans
http://tieba.baidu.com/f?kw=%E5%90%AC%E9%9B%A8%E8%90%BD%E6%A2%A6
http://tieba.baidu.com/f?kw=%E9%9C%81%E5%A4%8F%E6%96%87%E5%AD%A6%E7%A4%BE
http://tieba.baidu.com/f?kw=%E5%BE%AE%E6%9A%96%E6%96%87%E5%AD%A6%E7%A4%BE
http://tieba.baidu.com/f?kw=%E6%9C%80%E6%80%96%E5%A5%BD%E7%9C%8B
