http://tieba.baidu.com/f?kw=%E5%B9%BF%E8%A5%BF%E7%A7%91%E6%8A%80%E5%A4%A7%E5%AD%A6
http://tieba.baidu.com/f?kw=%E5%B9%BF%E8%A5%BF%E5%BB%BA%E8%AE%BE%E8%81%8C%E4%B8%9A%E6%8A%80%E6%9C%AF%E5%AD%A6%E9%99%A2
http://tieba.baidu.com/f?kw=%E5%B9%BF%E8%A5%BF%E5%B8%88%E8%8C%83%E5%A4%A7%E5%AD%A6
http://tieba.baidu.com/f?kw=%E5%B9%BF%E8%A5%BF%E4%B8%AD%E5%8C%BB%E8%8D%AF%E5%A4%A7%E5%AD%A6
