http://tieba.baidu.com/f?kw=donews
http://tieba.baidu.com/f?kw=%E9%85%B76
http://tieba.baidu.com/f?kw=%E4%B8%BE%E7%89%8C
http://tieba.baidu.com/f?kw=%E8%85%BE%E8%AE%AF%E8%A7%86%E9%A2%91
http://tieba.baidu.com/f?kw=%E5%A4%A7%E5%AD%A6%E7%94%9F%E9%AA%91%E8%A1%8C
http://tieba.baidu.com/f?kw=%E7%8E%AF%E6%B9%96%E8%B5%9B
http://tieba.baidu.com/f?kw=%E5%B9%BF%E5%B7%9E%E6%AD%BB%E9%A3%9E
http://tieba.baidu.com/f?kw=%E8%A5%BF%E5%AE%89%E6%BB%91%E6%9D%BF
http://tieba.baidu.com/f?kw=shimano
http://tieba.baidu.com/f?kw=%E9%A9%AC%E6%9C%AF
http://tieba.baidu.com/f?kw=%E4%B8%9A%E4%BD%99%E6%97%A0%E7%BA%BF%E7%94%B5
http://tieba.baidu.com/f?kw=commencal
http://tieba.baidu.com/f?kw=%E6%B0%94%E6%8E%92%E7%90%83
http://tieba.baidu.com/f?kw=yeti
http://tieba.baidu.com/f?kw=%E7%9F%B3%E5%AE%B6%E5%BA%84%E9%AA%91%E8%A1%8C
http://tieba.baidu.com/f?kw=%E6%9E%81%E9%99%90%E8%BD%AE%E6%BB%91
http://tieba.baidu.com/f?kw=%E9%80%9F%E9%99%8Ddh
http://tieba.baidu.com/f?kw=%E6%A9%84%E6%A6%84%E7%90%83
http://tieba.baidu.com/f?kw=%E9%A6%99%E8%95%89%E6%9D%BF
http://tieba.baidu.com/f?kw=%E7%89%B9%E6%8A%80%E9%A3%8E%E7%AD%9D
http://tieba.baidu.com/f?kw=%E5%B0%8F%E8%BD%AE%E8%BD%A6
http://tieba.baidu.com/f?kw=%E6%B7%B1%E5%9C%B3%E6%BB%91%E6%9D%BF
http://tieba.baidu.com/f?kw=%E5%A4%A7%E5%8A%9B%E5%A3%AB
