http://tieba.baidu.com/f?kw=%E6%9D%8E%E5%BD%A6%E5%AE%8F
http://tieba.baidu.com/f?kw=%E9%99%88%E5%AE%89%E4%B9%8B
http://tieba.baidu.com/f?kw=%E4%B9%94%E5%B8%83%E6%96%AF
http://tieba.baidu.com/f?kw=%E7%BD%97%E6%B0%B8%E6%B5%A9
http://tieba.baidu.com/f?kw=%E4%B8%AD%E5%85%B3%E6%9D%91%E5%9C%A8%E7%BA%BF
http://tieba.baidu.com/f?kw=%E5%BE%AE%E5%8D%9A%E4%BA%92%E8%AF%84
http://tieba.baidu.com/f?kw=sem
http://tieba.baidu.com/f?kw=yy%E9%A2%91%E9%81%93%E8%AE%BE%E8%AE%A1
http://tieba.baidu.com/f?kw=%E6%9E%9C%E5%A3%B3%E7%BD%91
http://tieba.baidu.com/f?kw=nfc
http://tieba.baidu.com/f?kw=%E9%87%91%E5%B1%B1%E5%BF%AB%E7%9B%98
http://tieba.baidu.com/f?kw=%E5%BE%AE%E4%BF%A1%E5%BC%80%E5%8F%91
http://tieba.baidu.com/f?kw=%E5%92%8C%E8%AE%AF%E5%8D%9A%E5%AE%A2
http://tieba.baidu.com/f?kw=%E5%BA%94%E7%94%A8%E5%AE%9D
http://tieba.baidu.com/f?kw=office365
http://tieba.baidu.com/f?kw=%E4%BA%A7%E5%93%81%E7%BB%8F%E7%90%86
http://tieba.baidu.com/f?kw=bbs
http://tieba.baidu.com/f?kw=%E6%83%85%E4%BE%A3%E7%A9%BA%E9%97%B4
http://tieba.baidu.com/f?kw=%E4%BF%A1%E6%81%AF%E5%AE%89%E5%85%A8
http://tieba.baidu.com/f?kw=%E5%B0%8F%E5%86%B0
http://tieba.baidu.com/f?kw=apktool%E6%89%8B%E6%9C%BA%E7%89%88
