http://tieba.baidu.com/f?kw=%E6%B2%B3%E5%8C%97%E5%B7%A5%E7%A8%8B%E6%8A%80%E6%9C%AF%E9%AB%98%E7%AD%89%E4%B8%93%E7%A7%91%E5%AD%A6%E6%A0%A1
http://tieba.baidu.com/f?kw=%E6%B2%B3%E5%8C%97%E5%A4%96%E5%9B%BD%E8%AF%AD%E8%81%8C%E4%B8%9A%E5%AD%A6%E9%99%A2
http://tieba.baidu.com/f?kw=%E5%8D%8E%E5%8C%97%E7%90%86%E5%B7%A5%E5%A4%A7%E5%AD%A6
http://tieba.baidu.com/f?kw=%E6%B2%B3%E5%8C%97%E7%BB%8F%E8%B4%B8%E5%A4%A7%E5%AD%A6
http://tieba.baidu.com/f?kw=%E8%82%A1%E7%A5%A8
http://tieba.baidu.com/f?kw=%E8%82%A1%E5%B8%82
http://tieba.baidu.com/f?kw=%E5%88%9B%E4%B8%9A
http://tieba.baidu.com/f?kw=%E5%BE%AE%E5%95%86
http://tieba.baidu.com/f?kw=%E5%B9%B3%E5%AE%89%E6%98%93%E8%B4%B7
http://tieba.baidu.com/f?kw=%E8%B4%B5%E9%87%91%E5%B1%9E
http://tieba.baidu.com/f?kw=%E7%8E%B0%E8%B4%A7%E7%99%BD%E9%93%B6
http://tieba.baidu.com/f?kw=%E7%82%92%E8%82%A1
http://tieba.baidu.com/f?kw=%E6%8B%8D%E6%8B%8D%E8%B4%B7
http://tieba.baidu.com/f?kw=%E7%90%86%E8%B4%A2
http://tieba.baidu.com/f?kw=%E7%8E%B0%E8%B4%A7%E5%8E%9F%E6%B2%B9
http://tieba.baidu.com/f?kw=%E7%BA%B8%E9%BB%84%E9%87%91
http://tieba.baidu.com/f?kw=%E9%BB%84%E9%87%91
http://tieba.baidu.com/f?kw=%E7%8E%B0%E8%B4%A7%E9%BB%84%E9%87%91
http://tieba.baidu.com/f?kw=%E8%82%A1%E7%A5%A8%E5%85%A5%E9%97%A8
http://tieba.baidu.com/f?kw=%E7%99%BE%E5%BA%A6%E8%82%A1%E5%B8%82%E9%80%9A
http://tieba.baidu.com/f?kw=%E8%82%A1%E7%A5%A8%E4%BF%B1%E4%B9%90%E9%83%A8
http://tieba.baidu.com/f?kw=%E4%BF%9D%E9%99%A9
