http://tieba.baidu.com/f?kw=%E5%AE%B6%E5%85%B7
http://tieba.baidu.com/f?kw=%E7%A9%BA%E6%B0%94%E5%87%80%E5%8C%96%E5%99%A8
http://tieba.baidu.com/f?kw=%E7%BE%8E%E7%9A%84%E7%A9%BA%E8%B0%83
http://tieba.baidu.com/f?kw=%E5%B8%83%E8%89%BA
http://tieba.baidu.com/f?kw=%E5%8C%85%E5%B7%A5%E5%A4%B4%E8%80%81%E5%A4%A7%E7%88%B7
http://tieba.baidu.com/f?kw=%E5%8D%93%E7%A6%B9%E9%98%B3
http://tieba.baidu.com/f?kw=%E5%A4%A7%E5%BA%86%E8%AF%AD%E6%96%87%E7%AC%AC%E4%BA%8C%E8%AF%BE%E5%A0%82%E7%AC%AC%E4%B8%80%E5%AD%A3
http://tieba.baidu.com/f?kw=%E4%B8%AD%E5%9B%BD%E6%96%B0%E6%95%99%E5%B8%88
http://tieba.baidu.com/f?kw=%E7%A9%BF%E6%96%B9%E8%A3%A4%E8%A3%A4%E7%9A%84%E6%B5%B7%E7%BB%B5%E4%B8%8E%E8%83%96%E6%B5%B7%E6%98%9F
http://tieba.baidu.com/f?kw=%E6%A3%AE%E6%9E%97%E5%B0%8F%E7%8C%8E%E4%BA%BA
http://tieba.baidu.com/f?kw=%E5%86%A5%E7%95%8C%E5%A4%A9%E7%BE%BD%E5%85%AC%E4%B8%BB
http://tieba.baidu.com/f?kw=e%E5%93%A5
http://tieba.baidu.com/f?kw=%E8%B6%85%E7%BA%A7%E5%AE%9D%E8%B4%9D
http://tieba.baidu.com/f?kw=4399%E6%B8%B8%E6%88%8F%E8%80%81%E7%88%B8
http://tieba.baidu.com/f?kw=%E6%97%85%E6%B8%B8%E5%8D%AB%E8%A7%86%E6%9C%80%E5%BC%BA%E5%B0%91%E5%B9%B4
http://tieba.baidu.com/f?kw=%E5%B0%8F%E5%B0%8F%E6%87%92%E7%BE%8A
http://tieba.baidu.com/f?kw=%E9%9D%9E%E7%AB%A5%E5%B0%8F%E5%8F%AF
http://tieba.baidu.com/f?kw=%E5%91%A8%E7%83%A8%E8%96%87
http://tieba.baidu.com/f?kw=%E6%9D%A5%E5%8F%98%E5%BD%A2
http://tieba.baidu.com/f?kw=%E5%BC%A0%E7%8F%91%E7%92%9F
http://tieba.baidu.com/f?kw=%E4%B8%80%E5%B9%B4%E7%BA%A7%E5%AE%98%E6%96%B9
http://tieba.baidu.com/f?kw=%E7%88%B8%E7%88%B82
