http://tieba.baidu.com/f?kw=%E6%9A%AE%E5%85%89%E4%B9%8B%E5%9F%8E
http://tieba.baidu.com/f?kw=%E4%BA%86%E4%B8%8D%E8%B5%B7%E7%9A%84%E7%9B%96%E8%8C%A8%E6%AF%94
http://tieba.baidu.com/f?kw=%E5%86%B0%E4%B8%8E%E7%81%AB%E4%B9%8B%E6%AD%8C
http://tieba.baidu.com/f?kw=%E6%8C%87%E7%8E%AF%E7%8E%8B
http://tieba.baidu.com/f?kw=%E7%8B%AC%E7%99%BD%E7%95%99%E7%99%BD
http://tieba.baidu.com/f?kw=%E5%A8%81%E6%B5%B7%E5%B8%82%E4%BC%9A%E8%AE%A1%E5%AD%A6%E6%A0%A1
http://tieba.baidu.com/f?kw=%E5%8A%A0%E6%8B%BF%E5%A4%A7%E9%AB%98%E4%B8%AD%E7%95%99%E5%AD%A6
http://tieba.baidu.com/f?kw=10%E5%85%83%E5%BA%97
http://tieba.baidu.com/f?kw=%E4%BD%B3%E8%83%BDg12
http://tieba.baidu.com/f?kw=%E7%9B%88%E6%B1%9F%E5%8E%BF%E7%AC%AC%E4%B8%80%E4%B8%AD%E5%AD%A6
http://tieba.baidu.com/f?kw=%E6%9D%A8%E5%AE%9D
http://tieba.baidu.com/f?kw=%E4%B8%AD%E5%9B%BD%E5%A4%A7%E5%AD%A6%E7%94%9F%E8%81%94%E7%9B%9F
http://tieba.baidu.com/f?kw=%E6%B4%AA%E6%B5%81%E5%87%AF%E8%92%82
http://tieba.baidu.com/f?kw=%E9%87%8D%E5%BA%86%E7%95%99%E5%AD%A6
http://tieba.baidu.com/f?kw=%E4%BA%94%E5%B9%B4%E7%BA%A7%E4%B8%8B%E5%86%8C%E6%95%B0%E5%AD%A6
http://tieba.baidu.com/f?kw=%E6%B7%B1%E5%9C%B3%E5%87%BA%E5%8F%A3
http://tieba.baidu.com/f?kw=%E7%B4%A2%E5%BC%95%E7%95%99%E5%AD%A6
http://tieba.baidu.com/f?kw=%E5%8D%8E%E9%80%9A
http://tieba.baidu.com/f?kw=%E9%9D%92%E5%B2%9B%E5%85%AC%E4%BA%A4%E5%90%A7
http://tieba.baidu.com/f?kw=%E8%A5%BF%E5%AE%89%E5%A4%A7%E4%BC%97%E7%A7%91%E5%9F%B9
http://tieba.baidu.com/f?kw=%E9%80%9A%E5%B7%9E%E6%A2%A8%E5%9B%AD
http://tieba.baidu.com/f?kw=%E5%B9%B3%E7%85%A4%E9%9B%86%E5%9B%A2%E5%8D%81%E4%BA%8C%E7%9F%BF
http://tieba.baidu.com/f?kw=%E6%9F%AF%E7%BD%97
