http://tieba.baidu.com/f?kw=%E9%99%88%E5%AE%89%E4%B9%8B
http://tieba.baidu.com/f?kw=%E7%8E%8B%E6%80%9D%E8%81%AA
http://tieba.baidu.com/f?kw=%E6%9D%8E%E5%BD%A6%E5%AE%8F
http://tieba.baidu.com/f?kw=%E6%9D%8E%E5%BC%80%E5%A4%8D
