http://tieba.baidu.com/f?kw=%E6%84%9A%E4%BA%BA%E8%8A%82
http://tieba.baidu.com/f?kw=%E5%85%AD%E4%B8%80%E5%84%BF%E7%AB%A5%E8%8A%82
http://tieba.baidu.com/f?kw=%E5%85%89%E6%A3%8D%E8%8A%82
http://tieba.baidu.com/f?kw=%E6%AF%8D%E4%BA%B2%E8%8A%82
