http://tieba.baidu.com/f?kw=%E6%96%87%E7%8E%A9
http://tieba.baidu.com/f?kw=%E5%8F%A4%E8%91%A3%E9%89%B4%E5%AE%9A
http://tieba.baidu.com/f?kw=%E6%96%87%E7%8E%A9%E8%8F%A9%E6%8F%90
http://tieba.baidu.com/f?kw=%E9%9D%92%E9%93%9C%E5%99%A8
http://tieba.baidu.com/f?kw=%E5%AD%97%E7%94%BB
http://tieba.baidu.com/f?kw=%E4%B8%AD%E5%9B%BD%E5%88%80
http://tieba.baidu.com/f?kw=%E5%A4%96%E5%9B%BD%E7%A1%AC%E5%B8%81
http://tieba.baidu.com/f?kw=%E9%93%B6%E5%B8%81
http://tieba.baidu.com/f?kw=%E6%B3%A5%E7%9A%84%E4%BC%A0%E4%BA%BA
