http://tieba.baidu.com/f?kw=sz002078%E8%82%A1%E7%A5%A8
http://tieba.baidu.com/f?kw=%E5%A1%91%E6%96%99
http://tieba.baidu.com/f?kw=%E6%B3%89%E6%9E%97
http://tieba.baidu.com/f?kw=%E5%BA%9F%E5%A1%91%E6%96%99
http://tieba.baidu.com/f?kw=%E7%BA%B8%E7%AE%B1
http://tieba.baidu.com/f?kw=%E7%83%AD%E8%BD%AC%E5%8D%B0
http://tieba.baidu.com/f?kw=%E5%A1%91%E6%96%99%E8%A2%8B
http://tieba.baidu.com/f?kw=%E7%BC%96%E7%BB%87%E8%A2%8B
http://tieba.baidu.com/f?kw=%E6%88%90%E9%83%BD%E5%A9%9A%E7%BA%B1%E6%91%84%E5%BD%B1
http://tieba.baidu.com/f?kw=%E6%9D%A1%E5%BD%A2%E7%A0%81
http://tieba.baidu.com/f?kw=%E6%81%92%E5%AE%89
http://tieba.baidu.com/f?kw=%E9%9B%85%E5%9B%BE%E4%BB%95
http://tieba.baidu.com/f?kw=%E5%8D%8E%E6%B3%B0%E9%9B%86%E5%9B%A2
http://tieba.baidu.com/f?kw=%E8%83%B6%E5%B8%A6
http://tieba.baidu.com/f?kw=%E9%A3%9F%E5%93%81%E5%8C%85%E8%A3%85
http://tieba.baidu.com/f?kw=%E5%8C%85%E8%A3%85%E8%A2%8B
http://tieba.baidu.com/f?kw=%E5%8C%85%E8%A3%85%E7%9B%92
http://tieba.baidu.com/f?kw=%E8%BF%B7%E4%BF%A1%E7%BA%B8
http://tieba.baidu.com/f?kw=%E5%8D%B0%E5%88%B7%E5%8E%82
